5.4198656
6.7058587
8.721208
11.665474
13.021995
13.481586
12.537698
12.525373
12.043278
11.658894
11.190146
10.991144
9.611974
9.330662
9.991047
9.143809
9.030334
8.99084
8.496081
8.292625
8.092118
8.050292
7.111841
7.7306843
7.4950366
7.0133824
7.3295546
6.9658203
6.527002
6.7629743
6.4369726
6.306213
6.2546678
5.974502
5.637406
5.636315
5.967897
5.617499
5.800424
5.366682
5.533232
5.338006
5.2838345
4.802345
4.9571953
5.113441
4.902751
4.8509164
4.8954268
4.636385
4.5603967
4.6126432
4.465641
4.3075557
4.132228
4.213901
4.2234516
3.9705145
4.0704083
3.9839554
3.85919
3.992932
3.8653173
3.9219346
3.7356951
3.6973593
3.6658638
3.6711822
3.4857044
3.7505817
3.441341
3.5720954
3.5252657
3.3655026
3.4715862
3.1495526
3.4217336
3.4639404
3.3802295
3.2589037
3.1479843
3.2420728
3.2852662
3.1521518
3.105219
3.0224144
2.8042548
3.0498552
2.9741912
3.0665083
3.009883
3.0336428
2.96703
2.762125
2.7507637
2.7329261
2.65547
2.6691825
2.8429847
2.8007758
