6.8332148
11.821753
15.528191
14.830181
18.69156
18.280224
18.711868
20.213902
17.470612
14.979836
16.176456
16.979248
14.754297
14.848664
11.709897
13.011864
13.4336815
13.005254
11.667737
10.316816
10.200613
10.798141
11.503507
9.750266
10.194418
9.448237
9.713431
8.568546
8.805613
8.575929
8.444396
7.608819
6.792838
7.7124376
7.6004777
7.0893984
7.044218
7.3501015
6.1137195
6.9934587
6.8054633
7.2175035
6.0302734
5.99813
6.6721253
6.3744164
6.5364428
6.014507
5.57122
6.0663977
5.6226025
5.683683
5.468789
5.7285595
5.4047155
5.0827804
5.4270906
5.006555
5.494092
5.100113
5.3330398
4.9703465
4.7787666
4.7507043
4.1891956
4.823517
4.803286
4.2951336
4.737652
5.2170525
4.0968676
4.0613112
4.1527724
4.188979
4.2248383
3.8403442
4.2388854
3.8098974
4.129926
3.636201
4.265416
4.08035
3.4109387
4.082643
4.0901713
3.943063
4.0774946
3.3972356
3.89341
3.8795698
3.6596448
3.663577
3.777433
3.8263717
3.2139862
3.5289783
3.8179748
3.5390952
3.3538673
3.3444102
